SceneBundle/circle_sprite
f:1,1,102,102,51,51
---
SceneBundle/default_font
fontName:Arial
fontSize:24
offsetX:2
offsetY:2
rowHeight:26
letterSpacing:0
f:872,34,19,12,3,3,24,™
f:241,1,5,25,1,3,6,]
f:248,1,5,25,2,3,6,[
f:521,1,8,20,0,3,6,/
f:769,34,13,13,1,7,14,>
f:784,34,13,13,1,7,14,<
f:507,1,12,20,1,3,13,?
f:560,1,4,20,2,3,6,!
f:641,34,4,15,2,8,6,:
f:915,34,4,7,2,19,6,,
f:241,28,4,4,2,19,6,.
f:905,34,8,8,1,4,8,"
f:899,34,4,8,1,3,4,'
f:327,1,8,25,0,3,8,}
f:255,1,8,25,1,3,8,{
f:247,28,7,4,1,13,7,-
f:799,34,13,13,1,7,14,+
f:0,0,0,0,0,0,6, 
f:646,1,12,20,1,3,13,0
f:660,1,7,20,3,3,13,1
f:632,1,12,20,1,3,13,2
f:531,1,12,20,1,3,13,3
f:545,1,13,20,0,3,13,4
f:619,54,12,19,1,4,13,5
f:566,1,12,20,1,3,13,6
f:605,54,12,19,1,4,13,7
f:604,1,12,20,1,3,13,8
f:618,1,12,20,1,3,13,9
f:440,1,18,21,1,3,18,Q
f:701,1,23,20,0,3,22,W
f:278,54,14,20,2,3,16,E
f:333,54,16,20,2,3,17,R
f:685,1,14,20,1,3,14,T
f:351,54,17,20,0,3,16,Y
f:726,1,15,20,2,3,17,U
f:743,1,3,20,2,3,6,I
f:748,1,17,20,1,3,18,O
f:767,1,14,20,2,3,16,P
f:783,1,17,20,0,3,16,A
f:802,1,15,20,1,3,16,S
f:819,1,15,20,2,3,17,D
f:416,54,12,20,2,3,14,F
f:854,1,17,20,1,3,18,G
f:873,1,14,20,2,3,17,H
f:889,1,10,20,1,3,12,J
f:901,1,15,20,2,3,16,K
f:918,1,12,20,2,3,13,L
f:932,1,14,20,1,3,14,Z
f:948,1,17,20,0,3,16,X
f:967,1,16,20,1,3,17,C
f:985,1,17,20,0,3,16,V
f:1004,1,14,20,2,3,16,B
f:177,54,14,20,2,3,17,N
f:193,54,17,20,2,3,19,M
f:212,54,12,20,1,8,13,q
f:363,34,18,15,0,8,17,w
f:349,34,12,15,1,8,13,e
f:339,34,8,15,1,8,7,r
f:596,54,7,19,0,4,6,t
f:294,54,12,20,1,8,12,y
f:325,34,12,15,1,8,13,u
f:564,54,3,19,2,4,5,i
f:411,34,12,15,1,8,13,o
f:370,54,11,20,2,8,13,p
f:397,34,12,15,1,8,13,a
f:283,34,11,15,1,8,12,s
f:633,54,12,19,1,4,13,d
f:430,54,9,20,0,3,6,f
f:441,54,12,20,1,8,13,g
f:582,54,12,19,1,4,13,h
f:337,1,6,24,-1,4,5,j
f:550,54,12,19,1,4,12,k
f:1020,1,3,19,2,4,5,l
f:268,34,13,15,0,8,12,z
f:253,34,13,15,0,8,12,x
f:311,34,12,15,1,8,12,c
f:296,34,13,15,0,8,12,v
f:569,54,11,19,2,4,13,b
f:383,34,12,15,1,8,13,n
f:549,34,17,15,2,8,19,m
f:364,1,14,24,2,-1,17,Й
f:288,1,16,25,2,3,17,Ц
f:836,1,16,20,0,3,15,У
f:495,54,12,20,2,3,12,Г
f:509,54,19,20,2,3,21,Ш
f:265,1,21,25,2,3,22,Щ
f:455,54,19,20,0,3,18,Ъ
f:476,54,17,20,1,3,18,Ф
f:530,54,18,20,2,3,21,Ы
f:400,54,14,20,2,3,17,П
f:383,54,15,20,0,3,15,Л
f:345,1,17,24,0,3,16,Д
f:308,54,23,20,0,3,22,Ж
f:260,54,16,20,1,3,17,Э
f:242,54,16,20,1,3,17,Я
f:226,54,14,20,1,3,15,Ч
f:475,1,14,20,2,3,17,И
f:669,1,14,20,2,3,15,Ь
f:491,1,14,20,2,3,15,Б
f:580,1,22,20,2,3,24,Ю
f:647,54,11,19,2,4,13,й
f:203,34,12,18,2,8,13,ц
f:467,34,10,15,2,8,10,к
f:479,34,11,15,2,8,13,н
f:492,34,8,15,2,8,8,г
f:502,34,17,15,2,8,19,ш
f:217,34,18,18,2,8,19,щ
f:537,34,10,15,1,8,11,з
f:425,34,14,15,1,8,15,ъ
f:306,1,19,25,1,3,19,ф
f:582,34,15,15,2,8,17,ы
f:599,34,11,15,2,8,12,в
f:612,34,11,15,2,8,12,п
f:625,34,14,15,0,8,14,л
f:237,34,14,18,0,8,14,д
f:647,34,17,15,0,8,16,ж
f:441,34,11,15,1,8,12,э
f:454,34,11,15,1,8,12,я
f:692,34,11,15,1,8,12,ч
f:521,34,14,15,2,8,16,м
f:666,34,11,15,2,8,13,и
f:568,34,12,15,0,8,10,т
f:679,34,11,15,2,8,12,ь
f:460,1,13,20,1,3,13,б
f:705,34,16,15,2,8,18,ю
---
SceneBundle/mcBody
f:105,1,70,85,35,47
---
SceneBundle/mcEye
f:380,1,58,23,30,12
---
SceneBundle/mcFootElement1
f:921,34,6,6,3,3
---
SceneBundle/mcFootElement2
f:893,34,4,10,2,5
---
SceneBundle/mcHeand
f:177,1,24,51,12,24
---
SceneBundle/mcLightElement
f:723,34,44,14,22,7
---
SceneBundle/mcMouth
f:203,1,36,31,19,16
---
SceneBundle/mcShadow
f:814,34,56,13,28,6