SceneBundle/McJack
SceneBundle/mcHeand,SceneBundle/mcFootElement2,SceneBundle/mcFootElement1,SceneBundle/mcBody,SceneBundle/mcEye,SceneBundle/mcMouth,SceneBundle/mcShadow
0,|1,|1,|2,|1,|3,|4,|0,|1,|1,|2,|1,|5,|6,
|0,39.3,-0.05,0,1,1,1,1,1,1,0,0,0,0|1,11.55,33.3,0,1,1,1,1,1,1,0,0,0,0|2,11.05,41.35,0,1,1,1,1,1,1,0,0,0,0|3,11.4,37,0,1,1,1,1,1,1,0,0,0,0|4,14,44.45,-1.6315,1,1,1,1,1,1,0,0,0,0|5,-2.75,-7,0,1,1,1,1,1,1,0,0,0,0|6,11.1,-24.9,0,1,1,1,1,1,1,0,0,0,0|7,-39.3,5.95,0,-1,1,1,1,1,1,0,0,0,0|8,-13.15,33.3,0,1,1,1,1,1,1,0,0,0,0|9,-13.65,41.35,0,1,1,1,1,1,1,0,0,0,0|10,-13.3,37,0,1,1,1,1,1,1,0,0,0,0|11,-10.7,44.45,-1.6315,1,1,1,1,1,1,0,0,0,0|12,15.55,6.65,0,1,1,1,1,1,1,0,0,0,0|13,-1.2,47.35,0,1,1,1,1,1,1,0,0,0,0
|0,39.2,.05,.00097658,.99999,.99999|1,11.6,33.25,-0.02193,.99992,.99992|2,11.15,41.4,.026235,.9999,.9999|3,11.55,37.05|4,,44.5,-1.6285,.9998,.9998|5,,-6.9,,,.99922|6,,-24.85|7,-39.25,6.05,3.1406,.99999,-0.99999|8,-13.1,33.35,-0.022266,.99993,.99993|9,-13.6,41.4,.022617,.99992,.99992|10,-13.15|11,-10.65,44.5,-1.6285,.9998,.9998|12,,6.7|13
|0,39.1,.15,.0052186,.99998,.99998|1,11.7,,-0.043859,.99985,.99985|2,11.2,,.052463,.99982,.99982|3,11.65|4|5,,-6.85,,,.99844|6,,-24.75|7,-39.15,6.2,3.1364,.99998,-0.99998|8,-13,,-0.044547,.99985,.99985|9,-13.5,,.048504,.99983,.99983|10,-13|11|12,,6.75|13
|0,38.95,.25,.0094609,.99997,.99997|1,11.75,33.2,-0.065797,.99978,.99978|2,11.3,41.45,.0787,.99974,.99974|3,11.8,37.1|4|5,,-6.75,,,.99767|6,,-24.7|7,-39.1,6.3,3.1321,.99997,-0.99997|8,-12.95,33.4,-0.070096,.99977,.99977|9,-13.45,41.45,.074413,.99975,.99975|10,-12.85|11|12,,6.8|13
|0,38.85,.35,.013704,.99994,.99994|1,11.8,,-0.087739,.99971,.99971|2,11.35,,.10493,.99965,.99965|3,11.95,37.15|4|5,,-6.65,,,.99687|6,,-24.65|7,-39.05,6.4,3.1279,.99996,-0.99996|8,-12.85,33.45,-0.092383,.9997,.9997|9,-13.35,,.097031,.99968,.99968|10,-12.7|11|12,,6.85|13
|0,38.75,.5,.017947,.99993,.99993|1,11.9,33.15,-0.10968,.99964,.99964|2,11.45,41.5,.13118,.99957,.99957|3,12.1|4|5,,-6.6,,,.99609|6,,-24.55|7,-38.95,6.55,3.1237,.99995,-0.99995|8,-12.8,,-0.11795,.99961,.99961|9,-13.3,41.5,.12295,.9996,.9996|10,-12.55|11|12,,6.9|13
|0,38.65,.6,.022205|1,11.95,,-0.13163,.99957,.99957|2,11.5,,.15744,.99948,.99948|3,12.2,37.2|4|5,,-6.5,,,.99532|6,,-24.5|7,-38.9,6.65,3.1194,.99994,-0.99994|8,-12.7,33.5,-0.14023,.99954,.99954|9,-13.2,,.14886,.99952,.99952|10,-12.4|11|12,,6.95|13
|0,38.55,.7,.026449,.99991,.99991|1,12.05,33.1,-0.15359,.9995,.9995|2,11.6,41.55,.1837,.9994,.9994|3,12.35|4|5,,-6.45,,,.99454|6,,-24.45|7,-38.85,6.75,3.1152,.99992,-0.99992|8,-12.65,33.55,-0.16253,.99947,.99947|9,-13.15,41.55,.17477,.99943,.99943|10,-12.25|11|12,,7|13
|0,38.4,.8,.030694,.99989,.99989|1,12.1,,-0.17553,.99943,.99943|2,11.65,41.6,.20995,.99933,.99933|3,12.5,37.25|4|5,,-6.35,,,.99376|6,,-24.35|7,-38.75,6.9,3.1109,.9999,-0.9999|8,-12.6,,-0.1881,.99939,.99939|9,-13.05,,.1974,.99936,.99936|10,-12.1|11|12,,7.05|13
|0,38.3,.9,.034939,.99988,.99988|1,12.15,33.05,-0.1975,.99936,.99936|2,11.75,,.23622,.99925,.99925|3,12.65,37.3|4|5,,-6.25,,,.99298|6,,-24.3|7,-38.7,7,3.11|8,-12.5,33.6,-0.2104,.99933,.99933|9,-13,41.6,.22332,.99929,.99929|10,-11.95|11|12,,7.1|13
|0,38.2,1,.035915,.9999,.9999|1,12.25,,-0.22273,.99929,.99929|2,11.8,41.65,.26248,.99916,.99916|3,12.75|4|5,,-6.2,,,.99219|6,,-24.25|7,-38.65,7.1,3.1057,.99989,-0.99989|8,-12.45,33.65,-0.23599,.99925,.99925|9,-12.9,,.24926,.99922,.99922|10,-11.85|11|12,,7.2|13
|0,38.1,1.1,.040162,.99988,.99988|1,12.3,33,-0.24469,.99923,.99923|2,11.9,,.28876,.99908,.99908|3,12.9,37.35|4|5,,-6.1,,,.99141|6,,-24.2|7,-38.6,7.2,3.1015,.99987,-0.99987|8,-12.35,33.7,-0.25829,.99919,.99919|9,-12.85,41.65,.27519,.99914,.99914|10,-11.7|11|12,,7.25|13
|0,37.95,1.2,.044408,.99987,.99987|1,12.35,,-0.26666,.99917,.99917|2,11.95,41.7,.31503,.99901,.99901|3,13.05,37.4|4|5,,-6,,,.99063|6,,-24.1|7,-38.5,7.35,3.0973|8,-12.3,,-0.2806,.99913,.99913|9,-12.75,,.29784,.99908,.99908|10,-11.55|11|12,,7.3|13
|0,37.85,1.3,.048641,.99986,.99986|1,12.45,32.95,-0.28862,.99911,.99911|2,12.05,41.75,.34132,.99896,.99896|3,13.2|4|5,,-5.95,,,.98985|6,,-24.05|7,-38.45,7.45,3.093,.99985,-0.99985|8,-12.25,33.75,-0.30618,.99905,.99905|9,-12.7,41.7,.32378,.99901,.99901|10,-11.4|11|12,,7.35|13
|0,37.75,1.4,.052889,.99984,.99984|1,12.5,,-0.31059,.99905,.99905|2,12.1,,.3676,.99888,.99888|3,13.3,37.45|4|5,,-5.85,,,.98907|6,,-24|7,-38.4,7.55,3.0888,.99984,-0.99984|8,-12.15,33.8,-0.3285,.99899,.99899|9,-12.6,,.34972,.99894,.99894|10,-11.25|11|12,,7.4|13
|0,37.65,1.55,.05714,.99982,.99982|1,12.6,32.9,-0.33257,.99898,.99898|2,12.2,41.8,.39389,.99882,.99882|3,13.45|4|5,,-5.8,,,.9883|6,,-23.9|7,-38.3,7.7,3.0845|8,-12.1,,-0.3541,.99893,.99893|9,-12.55,41.75,.37239,.99888,.99888|10,-11.1|11|12,,7.45|13
|0,37.55,1.65,.061391,.99981,.99981|1,12.65,,-0.35454,.99893,.99893|2,12.25,,.42017,.99877,.99877|3,13.6,37.5|4|5,,-5.7,,,.9875|6,,-23.85|7,-38.25,7.8,3.0803,.99982,-0.99982|8,-12,33.85,-0.37641,.99887,.99887|9,-12.45,,.39833,.99882,.99882|10,-10.95|11|12,,7.5|13
|0,37.4,1.75,.065628,.99979,.99979|1,12.7,32.85,-0.37651,.99888,.99888|2,12.35,41.85,.44647,.99871,.99871|3,13.75,37.55|4|5,,-5.6,,,.98672|6,,-23.8|7,-38.2,7.9,3.0761,.99981,-0.99981|8,-11.95,33.9,-0.40201,.99882,.99882|9,-12.4,41.8,.42428,.99877,.99877|10,-10.8|11|12,,7.55|13
|0,37.3,1.85,.069881|1,12.8,,-0.39849,.99882,.99882|2,12.4,,.47276,.99865,.99865|3,13.85|4|5,,-5.55,,,.98595|6,,-23.7|7,-38.1,8.05,3.0751,.99982,-0.99982|8,-11.85,,-0.42434,.99877,.99877|9,-12.3,,.45023,.99871,.99871|10,-10.65|11|12,,7.6|13
|0,37.2,1.95,.07392,1,1|1,12.85,32.8,-0.4231,1,1|2,12.5,41.9,.50095,.99999,.99999|3,14,37.6|4,,44.45,-1.6315,1,1|5,,-5.45,,,.98517|6,,-23.65|7,-38.05,8.15,3.0681,1,-1|8,-11.8,33.95,-0.44904,1,1|9,-12.25,41.85,.47519,1,1|10,-10.5|11,-10.7,44.45,-1.6315,1,1|12,,7.65|13
|0,37.3,1.85,.069944,.99976,.99976|1,12.8,,-0.40205,.9988,.9988|2,12.55,,.47637,.99863,.99863|3,13.85,37.55|4,,44.5,-1.6285,.9998,.9998|5,,-5.55,,,.98592|6,,-23.7|7,-38.1,8,3.0717,.9998,-0.9998|8,-11.9,33.85,-0.42464,.99875,.99875|9,-12.3,,.45054,.99871,.99871|10,-10.65|11,-10.65,44.5,-1.6285,.9998,.9998|12,,7.6|13
|0,37.4,1.75,.065735,.99979,.99979|1,12.65,32.85,-0.38038,.99885,.99885|2,12.35,41.85,.45038,.9987,.9987|3,13.75|4|5,,,,,.98666|6,,-23.75|7,-38.15,7.9,3.076|8,,33.8,-0.40259,.99883,.99883|9,-12.4,41.8,.4282,.99876,.99876|10,-10.8|11|12,,7.55|13
|0,37.5,1.65,.061529,.9998,.9998|1,,32.95,-0.35865,.99892,.99892|2,,41.8,.42442,.99874,.99874|3,13.6,37.5|4|5,,-5.65,,,.98741|6,,-23.85|7,-38.3,7.8,3.0801,.99983,-0.99983|8,-11.95,33.85,-0.38055,.99887,.99887|9,-12.45,,.40253,.99881,.99881|10,-10.9|11|12,,7.5|13
|0,37.6,1.55,.057339,.99981,.99981|1,12.6,32.85,-0.33696,.99897,.99897|2,12.2,,.39847,.9988,.9988|3,13.5|4|5,,-5.7,,,.98813|6,,-23.9|7,,7.7,3.0843,.99982,-0.99982|8,-12.05,33.75,-0.35855,.99893,.99893|9,-12.6,41.75,.3802,.99886,.99886|10,-11.05|11|12,,7.45|13
|0,37.75,1.45,.053149,.99984,.99984|1,12.5,32.95,-0.31527,.99902,.99902|2,12.15,41.75,.37578,.99885,.99885|3,13.35,37.45|4|5,,-5.8,,,.98888|6,,-23.95|7,-38.35,7.55,3.0885,.99984,-0.99984|8,-12.1,,-0.33655,.99898,.99898|9,,,.35458,.99894,.99894|10,-11.2|11|12,,7.4|13
|0,37.85,1.35,.048946,.99985,.99985|1,12.4,,-0.29358,.99907,.99907|2,12.1,,.34984,.99891,.99891|3,13.2,37.4|4|5,,-5.85,,,.98964|6,,-24|7,-38.4,7.45,3.0927,.99985,-0.99985|8,-12.2,33.65,-0.31452,.99904,.99904|9,-12.65,,.33221,.99899,.99899|10,-11.35|11|12,,7.35|13
|0,37.95,1.25,.048015,.99984,.99984|1,,,-0.27516,.99913,.99913|2,12.05,,.32389,.99898,.99898|3,13.1|4|5,,-6,,,.99036|6,,-24.1|7,-38.55,7.4,3.0969,.99987,-0.99987|8,-12.25,,-0.28922,.99909,.99909|9,-12.75,41.7,.30659,.99906,.99906|10,-11.5|11|12,,7.3|13
|0,38.05,1.15,.043798,.99986,.99986|1,12.35,,-0.25347,.9992,.9992|2,11.95,,.29794,.99906,.99906|3,12.95,37.35|4|5,,-6.05,,,.9911|6,,-24.15|7,-38.6,7.2,3.0979,.99984,-0.99984|8,-12.35,,-0.26723,.99916,.99916|9,,41.65,.28426,.99911,.99911|10,-11.6|11|12,,7.25|13
|0,38.1,1,.039627,.99988,.99988|1,12.2,33.05,-0.23179,.99927,.99927|2,11.85,41.65,.27528,.9991,.9991|3,12.85|4|5,,-6.15,,,.99184|6,,-24.2|7,,7.15,3.102,.99987,-0.99987|8,-12.4,33.6,-0.2452,.9992,.9992|9,-12.85,41.7,.25864,.99918,.99918|10,-11.75|11|12,,7.2|13
|0,38.25,.95,.035443|1,12.15,,-0.2101,.99932,.99932|2,11.8,,.24934,.99921,.99921|3,12.7,37.3|4|5,,-6.2,,,.9926|6,,-24.25|7,-38.65,7.05,3.1062,.99988,-0.99988|8,-12.5,,-0.22318,.99929,.99929|9,-12.95,41.6,.2363,.99925,.99925|10,-11.9|11|12,,7.15|13
|0,38.35,.85,.031228,.99989,.99989|1,,33.1,-0.18844,.9994,.9994|2,11.7,,.22342,.99929,.99929|3,12.55,37.25|4|5,,-6.3,,,.99333|6,,-24.35|7,-38.7,6.95,3.1104,.99991,-0.99991|8,-12.55,,-0.20121,.99935,.99935|9,-13,,.21397,.9993,.9993|10,-12.05|11|12,,7.1|13
|0,38.45,.75,.027014,.99991,.99991|1,12,33.05,-0.16676,.99946,.99946|2,11.65,41.5,.19749,.99934,.99934|3,12.45|4|5,,-6.4,,,.99406|6,,-24.4|7,-38.8,6.85,3.1146,.99992,-0.99992|8,,33.5,-0.17918,.99941,.99941|9,-13.1,41.55,.18833,.99939,.99939|10,-12.2|11|12,,7.05|13
|0,38.55,.65,.022831|1,,33.2,-0.14506,.99951,.99951|2,11.6,41.55,.17483,.99941,.99941|3,12.3,37.2|4|5,,-6.45,,,.99481|6,,-24.45|7,,6.65,3.1188,.99994,-0.99994|8,-12.7,33.55,-0.15718,.99947,.99947|9,-13.15,41.6,.16603,.99946,.99946|10,-12.3|11|12,,7|13
|0,38.65,.55,.021915,.99992,.99992|1,11.95,33.15,-0.12669,.99957,.99957|2,11.55,41.5,.14891,.99949,.99949|3,12.2|4|5,,-6.5,,,.99556|6,,-24.5|7,-38.85,6.6,3.1197,.99992,-0.99992|8,-12.75,33.45,-0.13191,.99957,.99957|9,-13.2,41.5,.14042,.99952,.99952|10,-12.45|11|12,,6.95|13
|0,38.8,.45,.017718,.99993,.99993|1,11.9,,-0.10503,.99965,.99965|2,11.4,41.55,.123,.99959,.99959|3,12.05,37.15|4|5,,-6.55,,,.99629|6,,-24.6|7,-39,6.5,3.1239,.99994,-0.99994|8,,33.4,-0.10991,.99962,.99962|9,-13.3,41.55,.1181,.99959,.99959|10,-12.6|11|12,,6.9|13
|0,38.9,.35,.013536,.99994,.99994|1,11.75,33.2,-0.083357,.99972,.99972|2,,41.45,.097078,.99967,.99967|3,11.9,37.1|4|5,,-6.65,,,.99704|6,,-24.65|7,-39.05,6.4,3.1281,.99995,-0.99995|8,-12.9,,-0.087924,.9997,.9997|9,-13.35,41.45,.092506,.9997,.9997|10,-12.75|11|12,,6.85|13
|0,39,.25,.0093237,.99995,.99995|1,,,-0.061713,.99978,.99978|2,11.35,41.5,.074429,.99973,.99973|3,11.8|4|5,,-6.7,,,.99779|6,,-24.7|7,,6.3,3.1323,.99997,-0.99997|8,-12.95,,-0.065935,.99978,.99978|9,-13.45,,.070189,.99976,.99976|10,-12.9|11|12,,6.8|13
|0,39.1,.15,.0051118,.99998,.99998|1,11.7,33.25,-0.04004,.99987,.99987|2,11.25,41.45,.048536,.99982,.99982|3,11.65,37.05|4|5,,-6.8,,,.99854|6,,-24.75|7,-39.15,6.15,3.1365,.99998,-0.99998|8,-13,33.35,-0.043966,.99985,.99985|9,-13.55,41.4,.044592,.99985,.99985|10,-13|11|12,,6.75|13
|0,39.2,.05,.0009308,.99999,.99999|1,11.6,,-0.018359,.99992,.99992|2,11.15,41.4,.022633,.99989,.99989|3,11.55|4|5,,-6.9,,,.99925|6,,-24.85|7,-39.25,6.05,3.1407,.99997,-0.99997|8,-13.05,33.3,-0.021976,.99992,.99992|9,-13.6,,.022312,.99991,.99991|10,-13.15|11|12,,6.7|13
|0,39.3,-0.05,0,1,1|1,11.55,33.3,0,1,1|2,11.05,41.35,0,1,1|3,11.4,37|4,,44.45,-1.6315,1,1|5,,-7,,,1|6,,-24.9|7,-39.3,5.95,0,-1,1|8,-13.15,,0,1,1|9,-13.65,41.35,0,1,1|10,-13.3|11,-10.7,44.45,-1.6315,1,1|12,,6.65|13
---
SceneBundle/McJackJump
SceneBundle/mcShadow,SceneBundle/mcHeand,SceneBundle/mcFootElement2,SceneBundle/mcFootElement1,SceneBundle/mcBody,SceneBundle/mcEye,SceneBundle/mcMouth
0,|1,|2,|2,|3,|2,|4,|5,|1,|2,|2,|3,|2,|6,
|0,-1.2,47.35,0,1,1,1,1,1,1,0,0,0,0|1,39.3,-0.05,0,1,1,1,1,1,1,0,0,0,0|2,11.55,33.3,0,1,1,1,1,1,1,0,0,0,0|3,11.05,41.35,0,1,1,1,1,1,1,0,0,0,0|4,11.4,37,0,1,1,1,1,1,1,0,0,0,0|5,14,44.45,-1.6315,1,1,1,1,1,1,0,0,0,0|6,-2.75,-7,0,1,1,1,1,1,1,0,0,0,0|7,11.1,-24.9,0,1,1,1,1,1,1,0,0,0,0|8,-39.3,5.95,0,-1,1,1,1,1,1,0,0,0,0|9,-13.15,33.3,0,1,1,1,1,1,1,0,0,0,0|10,-13.65,41.35,0,1,1,1,1,1,1,0,0,0,0|11,-13.3,37,0,1,1,1,1,1,1,0,0,0,0|12,-10.7,44.45,-1.6315,1,1,1,1,1,1,0,0,0,0|13,15.55,6.65,0,1,1,1,1,1,1,0,0,0,0
|0,,,,1.0182,1.0182|1,38.1,-0.1,.039368,.99986,.99986|2,11.7,33.25,-0.044486,.99984,.99984|3,11.2,41.4,.053196,.99983,.99983|4,11.7,37.05|5,,44.5,-1.6285,.9998,.9998|6,,-6.85,,,.99835|7,,-24.75|8,-39.85,5.7,-3.1143,.9999,-0.9999|9,-13,33.35,-0.048474,.99983,.99983|10,-13.5,41.4,.052478,.99982,.99982|11,-13|12,-10.65,44.5,-1.6285,.9998,.9998|13,,6.75
|0,,,,1.0364,1.0364|1,36.85,-0.15,.07873,.99974,.99974|2,11.85,33.2,-0.092262,.99969,.99969|3,11.35,41.45,.10968,.99964,.99964|4,12,37.15|5|6,,-6.65,,,.9967|7,,-24.6|8,-40.4,5.45,-3.0838,.99981,-0.99981|9,-12.85,33.45,-0.09697,.99968,.99968|10,-13.35,41.45,.10498,.99966,.99966|11,-12.7|12|13,,6.85
|0,,,,1.0546,1.0546|1,35.65,-0.2,.11812,.99961,.99961|2,12,33.15,-0.14005,.99955,.99955|3,11.55,41.55,.1662,.99946,.99946|4,12.25,37.2|5|6,,-6.5,,,.99506|7,,-24.5|8,-40.95,5.15,-3.0532,.99971,-0.99971|9,-12.7,33.5,-0.14875,.99952,.99952|10,-13.2,41.5,.15748,.99949,.99949|11,-12.35|12|13,,7
|0,,,,1.0727,1.0727|1,34.45,-0.25,.1575,.99949,.99949|2,12.15,33.1,-0.18785,.99939,.99939|3,11.7,41.6,.22271,.99929,.99929|4,12.55,37.25|5|6,,-6.3,,,.99341|7,,-24.35|8,-41.5,4.9,-3.0226,.99962,-0.99962|9,-12.55,33.6,-0.19728,.99936,.99936|10,-13.05,41.55,.21002,.99933,.99933|11,-12.05|12|13,,7.1
|0,,,,1.0909,1.0909|1,33.2,,.19691,.99935,.99935|2,12.25,33,-0.23238,.99925,.99925|3,11.85,41.65,.27599,.99912,.99912|4,12.85,37.35|5|6,,-6.15,,,.99176|7,11.05,-24.2|8,-42.05,4.65,-2.9921,.99951,-0.99951|9,-12.4,33.65,-0.2491,.99921,.99921|10,-12.85,41.65,.26257,.99918,.99918|11,-11.75|12|13,,7.2
|0,,,,1.1091,1.1091|1,32,-0.3,.23632,.99924,.99924|2,12.4,32.95,-0.2802,.99913,.99913|3,12,41.7,.33256,.99898,.99898|4,13.15,37.4|5|6,,-5.95,,,.99011|7,,-24.05|8,-42.6,4.4,-2.9615,.99942,-0.99942|9,-12.25,33.75,-0.29765,.99907,.99907|10,-12.7,41.7,.31514,.99903,.99903|11,-11.45|12|13,,7.3
|0,,,,1.1273,1.1273|1,30.8,-0.35,.27574,.99912,.99912|2,12.55,32.9,-0.32804,.999,.999|3,12.2,41.8,.38914,.99884,.99884|4,13.4,37.45|5|6,,-5.8,,,.98846|7,,-23.95|8,-43.15,4.1,-2.9309,.99933,-0.99933|9,-12.1,33.8,-0.34949,.99894,.99894|10,-12.55,41.75,.36771,.9989,.9989|11,-11.1|12|13,,7.45
|0,,,,1.1455,1.1455|1,29.55,-0.4,.31517,.99902,.99902|2,12.7,32.85,-0.3759,.99888,.99888|3,12.35,41.85,.44573,.9987,.9987|4,13.7,37.55|5|6,,-5.6,,,.98682|7,,-23.8|8,-43.7,3.85,-2.9003,.99923,-0.99923|9,-11.95,33.9,-0.39808,.99883,.99883|10,-12.4,41.8,.4203,.99878,.99878|11,-10.8|12|13,,7.55
|0,,,,1.1637,1.1637|1,28.35,-0.45,.35654,.99999,.99999|2,12.85,32.8,-0.4231,1,1|3,12.5,41.9,.50095,.99999,.99999|4,14,37.6|5,,44.45,-1.6315,1,1|6,,-5.45,,,.98517|7,,-23.65|8,-44.25,3.6,-2.8667,1,-1|9,-11.8,33.95,-0.44904,1,1|10,-12.25,41.85,.47519,1,1|11,-10.5|12,-10.7,44.45,-1.6315,1,1|13,,7.65
|0,,,,1.1473,1.1473|1,29.45,-0.6,.31943,.99899,.99899|2,12.65,32.7,-0.38038,.99885,.99885|3,12.35,41.85,.45038,.9987,.9987|4,13.75,37.55|5,,44.5,-1.6285,.9998,.9998|6,,-5.7,,,.98666|7,,-23.9|8,-43.8,3.7,-2.8963,.99922,-0.99922|9,-11.9,33.65,-0.40259,.99883,.99883|10,-12.4,41.8,.4282,.99876,.99876|11,-10.8|12,-10.65,44.5,-1.6285,.9998,.9998|13,,7.4
|0,-1.15,47.3,,1.1309,1.1309|1,30.55,-0.65,.28427,.99908,.99908|2,12.6,32.55,-0.33696,.99897,.99897|3,12.2,41.8,.39847,.9988,.9988|4,13.5,37.5|5|6,,-6,,,.98813|7,,-24.2|8,-43.25,3.8,-2.9228,.99928,-0.99928|9,-12.05,33.45,-0.35855,.99893,.99893|10,-12.6,41.75,.3802,.99886,.99886|11,-11.05|12|13,,7.15
|0,-1.2,47.35,,1.1146,1.1146|1,31.65,-0.85,.24914,.99917,.99917|2,12.4,32.5,-0.29358,.99907,.99907|3,12.1,41.75,.34984,.99891,.99891|4,13.2,37.4|5|6,,-6.3,,,.98964|7,,-24.45|8,-42.75,3.9,-2.9494,.99938,-0.99938|9,-12.2,33.2,-0.31452,.99904,.99904|10,-12.65,,.33221,.99899,.99899|11,-11.35|12|13,,6.9
|0,,,,1.0982,1.0982|1,32.75,-0.95,.21397,.99929,.99929|2,12.35,32.35,-0.25347,.9992,.9992|3,11.95,,.29794,.99906,.99906|4,12.95,37.35|5|6,,-6.65,,,.9911|7,,-24.75|8,-42.25,3.95,-2.9792,.99946,-0.99946|9,-12.35,33.05,-0.26723,.99916,.99916|10,-12.75,41.65,.28426,.99911,.99911|11,-11.6|12|13,,6.65
|0,-1.15,47.3,,1.0818,1.0818|1,33.8,-1,.17556,.99943,.99943|2,12.15,32.3,-0.2101,.99932,.99932|3,11.85,41.6,.24934,.99921,.99921|4,12.7,37.3|5|6,,-6.95,,,.9926|7,11.1,-25|8,-41.75,4.1,-3.0057,.99954,-0.99954|9,-12.45,32.85,-0.22318,.99929,.99929|10,-12.95,41.6,.2363,.99925,.99925|11,-11.9|12|13,,6.4
|0,-1.2,47.35,,1.0655,1.0655|1,34.9,-1.15,.14042,.99951,.99951|2,12,32.15,-0.16676,.99946,.99946|3,11.65,41.5,.19749,.99934,.99934|4,12.45,37.25|5|6,,-7.3,,,.99406|7,,-25.3|8,-41.3,4.15,-3.0322,.99962,-0.99962|9,-12.55,32.6,-0.17918,.99941,.99941|10,-13.1,41.55,.18833,.99939,.99939|11,-12.2|12|13,,6.15
|0,,,,1.0491,1.0491|1,36,-1.2,.10532,.99963,.99963|2,11.95,32.1,-0.12669,.99957,.99957|3,11.55,,.14891,.99949,.99949|4,12.2,37.2|5|6,,-7.55,,,.99556|7,,-25.55|8,-40.8,4.25,-3.062,.9997,-0.9997|9,-12.75,32.4,-0.13191,.99957,.99957|10,-13.2,41.5,.14042,.99952,.99952|11,-12.45|12|13,,5.9
|0,-1.15,47.3,,1.0327,1.0327|1,37.1,-1.4,.070205,.99975,.99975|2,11.75,32,-0.083357,.99972,.99972|3,11.4,41.45,.097078,.99967,.99967|4,11.9,37.1|5|6,,-7.85,,,.99704|7,,-25.85|8,-40.3,4.3,-3.0885,.99982,-0.99982|9,-12.9,32.2,-0.087924,.9997,.9997|10,-13.35,41.45,.092506,.9997,.9997|11,-12.75|12|13,,5.65
|0,-1.2,47.35,,1.0164,1.0164|1,38.2,-1.5,.035092,.99987,.99987|2,11.7,31.9,-0.04004,.99987,.99987|3,11.25,,.048536,.99982,.99982|4,11.65,37.05|5|6,,-8.15,,,.99854|7,,-26.1|8,-39.8,4.4,-3.1151,.99989,-0.99989|9,-13,32,-0.043966,.99985,.99985|10,-13.55,41.4,.044592,.99985,.99985|11,-13|12|13,,5.4
|0,,,,1,1|1,39.3,-1.55,0,1,1|2,11.55,31.8,0,1,1|3,11.05,41.35,0,1,1|4,11.4,37|5,,44.45,-1.6315,1,1|6,,-8.5,,,1|7,,-26.4|8,-39.3,4.45,0,-1,1|9,-13.15,31.8,0,1,1|10,-13.65,41.35,0,1,1|11,-13.3|12,-10.7,44.45,-1.6315,1,1|13,,5.15
|0,,,,.95953,.95953|1,38.5,-4.75,.01378,.99994,.99994|2,11.15,28.45|3,10.5,38.2|4,10.85,33.7|5,13.15,41.9,-1.4483,.99958,.99958|6,-3.15,-11.85|7,10.7,-29.75|8,-39.15,1.3,3.1196,.99992,-0.99992|9,-13.55,28.45|10,-14.05,38.15|11,-13.75,33.75|12,-11.3,41.75,-1.4913,.99973,.99973|13,15.15,1.8
|0,,,,.91907,.91907|1,37.7,-7.95,.030831,.9999,.9999|2,10.7,25.1|3,9.95,35.1|4,10.35,30.4|5,12.3,39.25,-1.2647,.99906,.99906|6,-3.6,-15.2|7,10.25,-33.1|8,-39.05,-1.85,3.0976,.99987,-0.99987|9,-14,25.1|10,-14.45,34.95|11,-14.2,30.45|12,-11.85,39.05,-1.3474,.99926,.99926|13,14.7,-1.55
|0,,,,.8786,.8786|1,36.95,-11.1,.044608,.99985,.99985|2,10.3,21.8|3,9.45,31.95|4,9.8,27.1|5,11.45,36.65,-1.0808,.99863,.99863|6,-4,-18.5|7,9.85,-36.4|8,-38.9,-4.95,3.0756,.99979,-0.99979|9,-14.4,21.8|10,-14.85,31.75|11,-14.65,27.2|12,-12.4,36.3,-1.2033,.99888,.99888|13,14.3,-4.85
|0,,,,.83812,.83812|1,36.15,-14.3,.061667,.99979,.99979|2,9.9,18.45|3,8.9,28.8|4,9.25,23.75|5,10.55,34.1,-0.89681,.9984,.9984|6,-4.4,-21.85|7,9.45,-39.75|8,-38.8,-8.1,3.0536,.99972,-0.99972|9,-14.8,18.45|10,-15.3,28.5|11,-15.15,23.9|12,-13.1,33.6,-1.0592,.99858,.99858|13,13.9,-8.2
|0,,,,.79765,.79765|1,35.35,-17.5,.07873,.99974,.99974|2,9.45,15.1|3,8.35,25.7|4,8.75,20.45|5,9.8,31.5,-0.7128,.99838,.99838|6,-4.85,-25.2|7,9,-43.1|8,-38.65,-11.25,3.0316,.99968,-0.99968|9,-15.25,15.1|10,-15.7,25.3|11,-15.6,20.65|12,-13.65,30.9,-0.91498,.99839,.99839|13,13.45,-11.55
|0,,,,.75719,.75719|1,34.55,-20.7,.095068,1,1|2,9.05,11.75|3,7.8,22.55|4,8.2,17.15|5,8.9,28.85,-0.528,.99998,.99998|6,-5.25,-28.55|7,8.6,-46.45|8,-38.55,-14.4,3.0066,1,-1|9,-15.65,11.75|10,-16.1,22.1|11,-16.05,17.35|12,-14.25,28.2,-0.77283,.99998,.99998|13,13.05,-14.9
|0|1,,,.092521,.9997,.9997|2|3|4|5,,,-0.5288,.99859,.99859|6|7|8,-38.6,,3.0096,.99958,-0.99958|9|10|11|12,,,-0.77404,.99835,.99835|13
|0|1|2|3|4|5|6|7|8|9|10|11|12|13
|0|1|2|3|4|5|6|7|8|9|10|11|12|13
|0|1,,,.095068,1,1|2|3|4|5,,,-0.528,.99998,.99998|6|7|8,-38.55,,3.0066,1,-1|9|10|11|12,,,-0.77283,.99998,.99998|13
|0,,,,.80576,.80576|1,33.3,-16.65,.14489,.99953,.99953|2,9.8,15.95,-0.083357,.99972,.99972|3,8.75,26.4,.097076,.99969,.99969|4,9.35,21.25|5,9.9,31.95,-0.74829,.99837,.99837|6,-4.75,-23.95,,,.99704|7,9.1,-41.9|8,-39.7,-10.8,3.0891,.99985,-0.99985|9,-14.9,16.2,-0.087922,.99971,.99971|10,-15.35,26.05,.092506,.9997,.9997|11,-14.95,21.3|12,-13.5,31.45,-0.94515,.99843,.99843|13,13.55,-10.4
|0,,47.3,,.85431,.85431|1,32,-12.65,.19731,.99939,.99939|2,10.55,20.15,-0.16676,.99946,.99946|3,9.7,30.3,.19748,.99936,.99936|4,10.5,25.35|5,10.95,35.15,-0.97108,.99849,.99849|6,-4.25,-19.3,,,.99406|7,9.6,-37.35|8,-40.85,-7.2,-3.1147,.99992,-0.99992|9,-14.1,20.65,-0.17918,.99941,.99941|10,-14.55,30,.18834,.99939,.99939|11,-13.85,25.2|12,-12.85,34.65,-1.1162,.99866,.99866|13,14.05,-5.9
|0,,,,.90288,.90288|1,30.85,-8.55,.24972,.99918,.99918|2,11.35,24.4,-0.25347,.9992,.9992|3,10.6,34.15,.29795,.99907,.99907|4,11.7,29.4|5,11.95,38.2,-1.1905,.99887,.99887|6,-3.75,-14.7,,,.9911|7,10.05,-32.75|8,-42,-3.6,-3.032,.99965,-0.99965|9,-13.35,25.05,-0.26722,.99916,.99916|10,-13.8,33.95,.28424,.99911,.99911|11,-12.7,29.15|12,-12.1,37.95,-1.2904,.99911,.99911|13,14.55,-1.35
|0,,47.35,,.95143,.95143|1,29.6,-4.5,.30214,.99907,.99907|2,12.1,28.6,-0.33696,.99897,.99897|3,11.55,38.05,.39848,.9988,.9988|4,12.85,33.5|5,13.05,41.35,-1.4129,.99949,.99949|6,-3.25,-10.05,,,.98813|7,10.55,-28.2|8,-43.1,0,-2.9492,.99937,-0.99937|9,-12.55,29.5,-0.35855,.99892,.99892|10,-13,37.9,.3802,.99886,.99886|11,-11.6,33.05|12,-11.45,41.2,-1.4612,.99961,.99961|13,15.05,3.15
|0,,,,1,1|1,28.35,-0.45,.35654,.99999,.99999|2,12.85,32.8,-0.4231,1,1|3,12.5,41.9,.50095,.99999,.99999|4,14,37.6|5,14,44.45,-1.6315,1,1|6,-2.75,-5.45,,,.98517|7,11.05,-23.65|8,-44.25,3.6,-2.8667,1,-1|9,-11.8,33.95,-0.44904,1,1|10,-12.25,41.85,.47519,1,1|11,-10.5,37|12,-10.7,44.45,-1.6315,1,1|13,15.55,7.65
|0|1,30.2,-0.4,.29708,.99904,.99904|2,12.65,32.9,-0.35034,.99893,.99893|3,12.3,41.8,.41575,.99876,.99876|4,13.55,37.5|5,,44.5,-1.6285,.9998,.9998|6,,-5.65,,,.98766|7,,-23.85|8,-43.4,4.05,-2.914,.99928,-0.99928|9,-11.95,33.75,-0.37215,.99887,.99887|10,-12.5,41.8,.39401,.99882,.99882|11,-10.95|12,-10.65,44.5,-1.6285,.9998,.9998|13,,7.5
|0|1,32,-0.35,.23629,.99923,.99923|2,12.4,32.95,-0.28019,.99912,.99912|3,12.05,41.65,.33253,.99895,.99895|4,13.15,37.4|5|6,,-5.95,,,.99011|7,,-24.05|8,-42.65,4.45,-2.9615,.9994,-0.9994|9,-12.2,33.7,-0.29763,.99906,.99906|10,-12.75,41.7,.31514,.99903,.99903|11,-11.45|12|13,,7.3
|0|1,33.8,-0.25,.17556,.99943,.99943|2,12.15,33.05,-0.2101,.99932,.99932|3,11.85,41.6,.24934,.99921,.99921|4,12.7,37.3|5|6,,-6.2,,,.9926|7,11.1,-24.3|8,-41.75,4.85,-3.0057,.99954,-0.99954|9,-12.5,33.6,-0.22318,.99929,.99929|10,-12.95,41.6,.2363,.99925,.99925|11,-11.9|12|13,,7.15
|0|1,35.7,,.1181,.99959,.99959|2,12.05,33.15,-0.14005,.99953,.99953|3,11.6,41.55,.16619,.99944,.99944|4,12.25,37.2|5|6,,-6.5,,,.99506|7,,-24.5|8,-40.95,5.15,-3.0532,.99969,-0.99969|9,-12.7,33.45,-0.14877,.99952,.99952|10,-13.25,41.5,.15748,.99949,.99949|11,-12.35|12|13,,7
|0|1,37.5,-0.1,.057417,.99979,.99979|2,11.75,33.2,-0.070004,.99978,.99978|3,11.3,41.45,.083082,.99971,.99971|4,11.85,37.1|5|6,,-6.7,,,.99754|7,,-24.7|8,-40.1,5.55,-3.0974,.99983,-0.99983|9,-12.9,33.4,-0.074366,.99976,.99976|10,-13.4,,.07873,.99974,.99974|11,-12.85|12|13,,6.8
|0|1,39.3,-0.05,0,1,1|2,11.55,33.3,0,1,1|3,11.05,41.35,0,1,1|4,11.4,37|5,,44.45,-1.6315,1,1|6,,-7,,,1|7,,-24.9|8,-39.3,5.95,0,-1,1|9,-13.15,33.3,0,1,1|10,-13.65,41.35,0,1,1|11,-13.3|12,-10.7,44.45,-1.6315,1,1|13,,6.65
|0|1|2|3|4|5|6|7|8|9|10|11|12|13
|0|1|2|3|4|5|6|7|8|9|10|11|12|13
|0|1|2|3|4|5|6|7|8|9|10|11|12|13
|0|1|2|3|4|5|6|7|8|9|10|11|12|13
|0|1|2|3|4|5|6|7|8|9|10|11|12|13
|0|1|2|3|4|5|6|7|8|9|10|11|12|13
|0|1|2|3|4|5|6|7|8|9|10|11|12|13
|0|1|2|3|4|5|6|7|8|9|10|11|12|13
|0|1|2|3|4|5|6|7|8|9|10|11|12|13
|0|1|2|3|4|5|6|7|8|9|10|11|12|13
|0|1|2|3|4|5|6|7|8|9|10|11|12|13
|0|1|2|3|4|5|6|7|8|9|10|11|12|13
|0|1|2|3|4|5|6|7|8|9|10|11|12|13
|0|1|2|3|4|5|6|7|8|9|10|11|12|13
|0|1|2|3|4|5|6|7|8|9|10|11|12|13
|0|1|2|3|4|5|6|7|8|9|10|11|12|13
|0|1|2|3|4|5|6|7|8|9|10|11|12|13
|0|1|2|3|4|5|6|7|8|9|10|11|12|13
|0|1|2|3|4|5|6|7|8|9|10|11|12|13
|0|1|2|3|4|5|6|7|8|9|10|11|12|13
|0|1|2|3|4|5|6|7|8|9|10|11|12|13
|0|1|2|3|4|5|6|7|8|9|10|11|12|13
|0|1|2|3|4|5|6|7|8|9|10|11|12|13
|0|1|2|3|4|5|6|7|8|9|10|11|12|13
|0|1|2|3|4|5|6|7|8|9|10|11|12|13
|0|1|2|3|4|5|6|7|8|9|10|11|12|13
|0|1|2|3|4|5|6|7|8|9|10|11|12|13
|0|1|2|3|4|5|6|7|8|9|10|11|12|13
|0|1|2|3|4|5|6|7|8|9|10|11|12|13
---
SceneBundle/McJackLight
SceneBundle/mcHeand,SceneBundle/mcFootElement2,SceneBundle/mcFootElement1,SceneBundle/mcBody,SceneBundle/mcEye,SceneBundle/mcMouth,SceneBundle/mcShadow,SceneBundle/McLight
0,|1,|1,|2,|1,|3,|4,|0,|1,|1,|2,|1,|5,|6,|7,
|0,39.3,-0.05,0,1,1,1,1,1,1,0,0,0,0|1,11.55,33.3,0,1,1,1,1,1,1,0,0,0,0|2,11.05,41.35,0,1,1,1,1,1,1,0,0,0,0|3,11.4,37,0,1,1,1,1,1,1,0,0,0,0|4,14,44.45,-1.6315,1,1,1,1,1,1,0,0,0,0|5,-2.75,-7,0,1,1,1,1,1,1,0,0,0,0|6,11.1,-24.9,0,1,1,1,1,1,1,0,0,0,0|7,-39.3,5.95,0,-1,1,1,1,1,1,0,0,0,0|8,-13.15,33.3,0,1,1,1,1,1,1,0,0,0,0|9,-13.65,41.35,0,1,1,1,1,1,1,0,0,0,0|10,-13.3,37,0,1,1,1,1,1,1,0,0,0,0|11,-10.7,44.45,-1.6315,1,1,1,1,1,1,0,0,0,0|12,15.55,6.65,0,1,1,1,1,1,1,0,0,0,0|13,-1.2,47.35,0,1,1,1,1,1,1,0,0,0,0|14,16.15,-23.85,0,1,1,1,1,1,1,0,0,0,0
|0,39.2,.05,.00097658,.99999,.99999|1,11.6,33.25,-0.02193,.99992,.99992|2,11.15,41.4,.026235,.9999,.9999|3,11.55,37.05|4,,44.5,-1.6285,.9998,.9998|5,,-6.9,,,.99922|6,,-24.85|7,-39.25,6.05,3.1406,.99999,-0.99999|8,-13.1,33.35,-0.022266,.99993,.99993|9,-13.6,41.4,.022617,.99992,.99992|10,-13.15|11,-10.65,44.5,-1.6285,.9998,.9998|12,,6.7|13|14,,-23.8
|0,39.1,.15,.0052186,.99998,.99998|1,11.7,,-0.043859,.99985,.99985|2,11.2,,.052463,.99982,.99982|3,11.65|4|5,,-6.85,,,.99844|6,,-24.75|7,-39.15,6.2,3.1364,.99998,-0.99998|8,-13,,-0.044547,.99985,.99985|9,-13.5,,.048504,.99983,.99983|10,-13|11|12,,6.75|13|14,,-23.7
|0,38.95,.25,.0094609,.99997,.99997|1,11.75,33.2,-0.065797,.99978,.99978|2,11.3,41.45,.0787,.99974,.99974|3,11.8,37.1|4|5,,-6.75,,,.99767|6,,-24.7|7,-39.1,6.3,3.1321,.99997,-0.99997|8,-12.95,33.4,-0.070096,.99977,.99977|9,-13.45,41.45,.074413,.99975,.99975|10,-12.85|11|12,,6.8|13|14,,-23.65
|0,38.85,.35,.013704,.99994,.99994|1,11.8,,-0.087739,.99971,.99971|2,11.35,,.10493,.99965,.99965|3,11.95,37.15|4|5,,-6.65,,,.99687|6,,-24.65|7,-39.05,6.4,3.1279,.99996,-0.99996|8,-12.85,33.45,-0.092383,.9997,.9997|9,-13.35,,.097031,.99968,.99968|10,-12.7|11|12,,6.85|13|14,,-23.6
|0,38.75,.5,.017947,.99993,.99993|1,11.9,33.15,-0.10968,.99964,.99964|2,11.45,41.5,.13118,.99957,.99957|3,12.1|4|5,,-6.6,,,.99609|6,,-24.55|7,-38.95,6.55,3.1237,.99995,-0.99995|8,-12.8,,-0.11795,.99961,.99961|9,-13.3,41.5,.12295,.9996,.9996|10,-12.55|11|12,,6.9|13|14,,-23.55
|0,38.65,.6,.022205|1,11.95,,-0.13163,.99957,.99957|2,11.5,,.15744,.99948,.99948|3,12.2,37.2|4|5,,-6.5,,,.99532|6,,-24.5|7,-38.9,6.65,3.1194,.99994,-0.99994|8,-12.7,33.5,-0.14023,.99954,.99954|9,-13.2,,.14886,.99952,.99952|10,-12.4|11|12,,6.95|13|14,,-23.45
|0,38.55,.7,.026449,.99991,.99991|1,12.05,33.1,-0.15359,.9995,.9995|2,11.6,41.55,.1837,.9994,.9994|3,12.35|4|5,,-6.45,,,.99454|6,,-24.45|7,-38.85,6.75,3.1152,.99992,-0.99992|8,-12.65,33.55,-0.16253,.99947,.99947|9,-13.15,41.55,.17477,.99943,.99943|10,-12.25|11|12,,7|13|14,,-23.4
|0,38.4,.8,.030694,.99989,.99989|1,12.1,,-0.17553,.99943,.99943|2,11.65,41.6,.20995,.99933,.99933|3,12.5,37.25|4|5,,-6.35,,,.99376|6,,-24.35|7,-38.75,6.9,3.1109,.9999,-0.9999|8,-12.6,,-0.1881,.99939,.99939|9,-13.05,,.1974,.99936,.99936|10,-12.1|11|12,,7.05|13|14,,-23.35
|0,38.3,.9,.034939,.99988,.99988|1,12.15,33.05,-0.1975,.99936,.99936|2,11.75,,.23622,.99925,.99925|3,12.65,37.3|4|5,,-6.25,,,.99298|6,,-24.3|7,-38.7,7,3.11|8,-12.5,33.6,-0.2104,.99933,.99933|9,-13,41.6,.22332,.99929,.99929|10,-11.95|11|12,,7.1|13|14,,-23.3
|0,38.2,1,.035915,.9999,.9999|1,12.25,,-0.22273,.99929,.99929|2,11.8,41.65,.26248,.99916,.99916|3,12.75|4|5,,-6.2,,,.99219|6,,-24.25|7,-38.65,7.1,3.1057,.99989,-0.99989|8,-12.45,33.65,-0.23599,.99925,.99925|9,-12.9,,.24926,.99922,.99922|10,-11.85|11|12,,7.2|13|14,,-23.2
|0,38.1,1.1,.040162,.99988,.99988|1,12.3,33,-0.24469,.99923,.99923|2,11.9,,.28876,.99908,.99908|3,12.9,37.35|4|5,,-6.1,,,.99141|6,,-24.2|7,-38.6,7.2,3.1015,.99987,-0.99987|8,-12.35,33.7,-0.25829,.99919,.99919|9,-12.85,41.65,.27519,.99914,.99914|10,-11.7|11|12,,7.25|13|14,,-23.15
|0,37.95,1.2,.044408,.99987,.99987|1,12.35,,-0.26666,.99917,.99917|2,11.95,41.7,.31503,.99901,.99901|3,13.05,37.4|4|5,,-6,,,.99063|6,,-24.1|7,-38.5,7.35,3.0973|8,-12.3,,-0.2806,.99913,.99913|9,-12.75,,.29784,.99908,.99908|10,-11.55|11|12,,7.3|13|14,,-23.1
|0,37.85,1.3,.048641,.99986,.99986|1,12.45,32.95,-0.28862,.99911,.99911|2,12.05,41.75,.34132,.99896,.99896|3,13.2|4|5,,-5.95,,,.98985|6,,-24.05|7,-38.45,7.45,3.093,.99985,-0.99985|8,-12.25,33.75,-0.30618,.99905,.99905|9,-12.7,41.7,.32378,.99901,.99901|10,-11.4|11|12,,7.35|13|14,,-23.05
|0,37.75,1.4,.052889,.99984,.99984|1,12.5,,-0.31059,.99905,.99905|2,12.1,,.3676,.99888,.99888|3,13.3,37.45|4|5,,-5.85,,,.98907|6,,-24|7,-38.4,7.55,3.0888,.99984,-0.99984|8,-12.15,33.8,-0.3285,.99899,.99899|9,-12.6,,.34972,.99894,.99894|10,-11.25|11|12,,7.4|13|14,,-22.95
|0,37.65,1.55,.05714,.99982,.99982|1,12.6,32.9,-0.33257,.99898,.99898|2,12.2,41.8,.39389,.99882,.99882|3,13.45|4|5,,-5.8,,,.9883|6,,-23.9|7,-38.3,7.7,3.0845|8,-12.1,,-0.3541,.99893,.99893|9,-12.55,41.75,.37239,.99888,.99888|10,-11.1|11|12,,7.45|13|14,,-22.9
|0,37.55,1.65,.061391,.99981,.99981|1,12.65,,-0.35454,.99893,.99893|2,12.25,,.42017,.99877,.99877|3,13.6,37.5|4|5,,-5.7,,,.9875|6,,-23.85|7,-38.25,7.8,3.0803,.99982,-0.99982|8,-12,33.85,-0.37641,.99887,.99887|9,-12.45,,.39833,.99882,.99882|10,-10.95|11|12,,7.5|13|14,,-22.85
|0,37.4,1.75,.065628,.99979,.99979|1,12.7,32.85,-0.37651,.99888,.99888|2,12.35,41.85,.44647,.99871,.99871|3,13.75,37.55|4|5,,-5.6,,,.98672|6,,-23.8|7,-38.2,7.9,3.0761,.99981,-0.99981|8,-11.95,33.9,-0.40201,.99882,.99882|9,-12.4,41.8,.42428,.99877,.99877|10,-10.8|11|12,,7.55|13|14,,-22.8
|0,37.3,1.85,.069881|1,12.8,,-0.39849,.99882,.99882|2,12.4,,.47276,.99865,.99865|3,13.85|4|5,,-5.55,,,.98595|6,,-23.7|7,-38.1,8.05,3.0751,.99982,-0.99982|8,-11.85,,-0.42434,.99877,.99877|9,-12.3,,.45023,.99871,.99871|10,-10.65|11|12,,7.6|13|14,,-22.7
|0,37.2,1.95,.07392,1,1|1,12.85,32.8,-0.4231,1,1|2,12.5,41.9,.50095,.99999,.99999|3,14,37.6|4,,44.45,-1.6315,1,1|5,,-5.45,,,.98517|6,,-23.65|7,-38.05,8.15,3.0681,1,-1|8,-11.8,33.95,-0.44904,1,1|9,-12.25,41.85,.47519,1,1|10,-10.5|11,-10.7,44.45,-1.6315,1,1|12,,7.65|13|14,,-22.65
|0,37.3,1.85,.069944,.99976,.99976|1,12.8,,-0.40205,.9988,.9988|2,12.55,,.47637,.99863,.99863|3,13.85,37.55|4,,44.5,-1.6285,.9998,.9998|5,,-5.5,,,.98592|6,,-23.7|7,-38.1,8.05,3.0751,.99977,-0.99977|8,-11.9,33.85,-0.42464,.99875,.99875|9,-12.3,,.45054,.99871,.99871|10,-10.65|11,-10.65,44.5,-1.6285,.9998,.9998|12,,7.6|13|14,,-22.7
|0,37.4,1.75,.065735,.99979,.99979|1,12.65,32.85,-0.38038,.99885,.99885|2,12.35,41.85,.45038,.9987,.9987|3,13.75|4|5,,,,,.98666|6,,-23.75|7,-38.2,7.9,3.0794,.99973,-0.99973|8,,33.8,-0.40259,.99883,.99883|9,-12.4,41.8,.4282,.99876,.99876|10,-10.8|11|12,,7.55|13|14,,-22.75
|0,37.5,1.65,.061529,.9998,.9998|1,,32.95,-0.35865,.99892,.99892|2,,41.8,.42442,.99874,.99874|3,13.6,37.5|4|5,,-5.6,,,.98741|6,,-23.85|7,-38.3,7.8,3.0804,.99967,-0.99967|8,-11.95,33.85,-0.38055,.99887,.99887|9,-12.45,,.40253,.99881,.99881|10,-10.9|11|12,,7.5|13|14,,-22.85
|0,37.6,1.55,.057339,.99981,.99981|1,12.6,32.85,-0.33696,.99897,.99897|2,12.2,,.39847,.9988,.9988|3,13.5|4|5,,-5.7,,,.98813|6,,-23.9|7,,7.7,3.0843,.99982,-0.99982|8,-12.05,33.75,-0.35855,.99893,.99893|9,-12.6,41.75,.3802,.99886,.99886|10,-11.05|11|12,,7.45|13|14,,-22.9
|0,37.75,1.45,.053149,.99984,.99984|1,12.5,32.95,-0.31527,.99902,.99902|2,12.15,41.75,.37578,.99885,.99885|3,13.35,37.45|4|5,,-5.8,,,.98886|6,,-23.95|7,-38.35,7.6,3.0889,.99968,-0.99968|8,-12.1,,-0.33655,.99898,.99898|9,,,.35458,.99894,.99894|10,-11.2|11|12,,7.4|13|14,,-22.95
|0,37.85,1.35,.048946,.99985,.99985|1,12.4,,-0.29358,.99907,.99907|2,12.1,,.34984,.99891,.99891|3,13.2,37.4|4|5,,-5.85,,,.98961|6,,-24|7,,7.45,3.0931,.9997,-0.9997|8,-12.2,33.65,-0.31452,.99904,.99904|9,-12.65,,.33221,.99899,.99899|10,-11.35|11|12,,7.35|13|14,,-23
|0,37.95,1.25,.048015,.99984,.99984|1,,,-0.27516,.99913,.99913|2,12.05,,.32389,.99898,.99898|3,13.1|4|5,,-5.95,,,.99034|6,,-24.1|7,-38.5,7.35,3.0972,.99972,-0.99972|8,-12.25,,-0.28922,.99909,.99909|9,-12.75,41.7,.30659,.99906,.99906|10,-11.5|11|12,,7.3|13|14,,-23.05
|0,38.05,1.15,.043798,.99986,.99986|1,12.35,,-0.25347,.9992,.9992|2,11.95,,.29794,.99906,.99906|3,12.95,37.35|4|5,,-6,,,.9911|6,,-24.15|7,-38.55,7.25,3.1014,.99975,-0.99975|8,-12.35,,-0.26723,.99916,.99916|9,,41.65,.28426,.99911,.99911|10,-11.6|11|12,,7.25|13|14,,-23.15
|0,38.1,1,.039627,.99988,.99988|1,12.2,33.05,-0.23179,.99927,.99927|2,11.85,41.65,.27528,.9991,.9991|3,12.85|4|5,,-6.1,,,.99184|6,,-24.2|7,-38.6,7.15,3.1023|8,-12.4,33.6,-0.2452,.9992,.9992|9,-12.85,41.7,.25864,.99918,.99918|10,-11.75|11|12,,7.2|13|14,,-23.2
|0,38.25,.95,.035443|1,12.15,,-0.2101,.99932,.99932|2,11.8,,.24934,.99921,.99921|3,12.7,37.3|4|5,,-6.25,,,.99257|6,,-24.25|7,-38.65,7.05,3.1065,.99979,-0.99979|8,-12.5,,-0.22318,.99929,.99929|9,-12.95,41.6,.2363,.99925,.99925|10,-11.9|11|12,,7.15|13|14,,-23.25
|0,38.35,.85,.031228,.99989,.99989|1,,33.1,-0.18844,.9994,.9994|2,11.7,,.22342,.99929,.99929|3,12.55,37.25|4|5,,-6.3,,,.99332|6,,-24.35|7,-38.7,6.95,3.1106,.99981,-0.99981|8,-12.55,,-0.20121,.99935,.99935|9,-13,,.21397,.9993,.9993|10,-12.05|11|12,,7.1|13|14,,-23.3
|0,38.45,.75,.027014,.99991,.99991|1,12,33.05,-0.16676,.99946,.99946|2,11.65,41.5,.19749,.99934,.99934|3,12.45|4|5,,-6.4,,,.99405|6,,-24.4|7,-38.8,6.85,3.1148,.99983,-0.99983|8,,33.5,-0.17918,.99941,.99941|9,-13.1,41.55,.18833,.99939,.99939|10,-12.2|11|12,,7.05|13|14,,-23.35
|0,38.55,.65,.022831|1,,33.2,-0.14506,.99951,.99951|2,11.6,41.55,.17483,.99941,.99941|3,12.3,37.2|4|5,,-6.5,,,.99481|6,,-24.45|7,,6.65,3.119,.99986,-0.99986|8,-12.7,33.55,-0.15718,.99947,.99947|9,-13.15,41.6,.16603,.99946,.99946|10,-12.3|11|12,,7|13|14,,-23.45
|0,38.65,.55,.021915,.99992,.99992|1,11.95,33.15,-0.12669,.99957,.99957|2,11.55,41.5,.14891,.99949,.99949|3,12.2|4|5,,-6.55,,,.99553|6,,-24.5|7,-38.85,6.6,3.1231,.99987,-0.99987|8,-12.75,33.45,-0.13191,.99957,.99957|9,-13.2,41.5,.14042,.99952,.99952|10,-12.45|11|12,,6.95|13|14,,-23.5
|0,38.8,.45,.017718,.99993,.99993|1,11.9,,-0.10503,.99965,.99965|2,11.4,41.55,.123,.99959,.99959|3,12.05,37.15|4|5,,-6.6,,,.99629|6,,-24.6|7,-38.95,6.5,3.124,.99989,-0.99989|8,,33.4,-0.10991,.99962,.99962|9,-13.3,41.55,.1181,.99959,.99959|10,-12.6|11|12,,6.9|13|14,,-23.55
|0,38.9,.35,.013536,.99994,.99994|1,11.75,33.2,-0.083357,.99972,.99972|2,,41.45,.097078,.99967,.99967|3,11.9,37.1|4|5,,-6.65,,,.99704|6,,-24.65|7,-39,6.4,3.1282,.99991,-0.99991|8,-12.9,,-0.087924,.9997,.9997|9,-13.35,41.45,.092506,.9997,.9997|10,-12.75|11|12,,6.85|13|14,,-23.6
|0,39,.25,.0093237,.99995,.99995|1,,,-0.061713,.99978,.99978|2,11.35,41.5,.074429,.99973,.99973|3,11.8|4|5,,-6.75,,,.99776|6,,-24.7|7,-39.05,6.3,3.1324,.99994,-0.99994|8,-12.95,,-0.065935,.99978,.99978|9,-13.45,,.070189,.99976,.99976|10,-12.9|11|12,,6.8|13|14,,-23.65
|0,39.1,.15,.0051118,.99998,.99998|1,11.7,33.25,-0.04004,.99987,.99987|2,11.25,41.45,.048536,.99982,.99982|3,11.65,37.05|4|5,,-6.85,,,.99852|6,,-24.75|7,-39.15,6.15,3.1365,.99997,-0.99997|8,-13,33.35,-0.043966,.99985,.99985|9,-13.55,41.4,.044592,.99985,.99985|10,-13|11|12,,6.75|13|14,,-23.75
|0,39.2,.05,.0009308,.99999,.99999|1,11.6,,-0.018359,.99992,.99992|2,11.15,41.4,.022633,.99989,.99989|3,11.55|4|5,,-6.9,,,.99924|6,,-24.85|7,-39.25,6.05,3.1407,.99995,-0.99995|8,-13.05,33.3,-0.021976,.99992,.99992|9,-13.6,,.022312,.99991,.99991|10,-13.15|11|12,,6.7|13|14,,-23.8
|0,39.3,-0.05,0,1,1|1,11.55,33.3,0,1,1|2,11.05,41.35,0,1,1|3,11.4,37|4,,44.45,-1.6315,1,1|5,,-7,,,1|6,,-24.9|7,-39.3,5.95,0,-1,1|8,-13.15,,0,1,1|9,-13.65,41.35,0,1,1|10,-13.3|11,-10.7,44.45,-1.6315,1,1|12,,6.65|13|14,,-23.85
---
SceneBundle/McJackRun
SceneBundle/mcShadow,SceneBundle/mcHeand,SceneBundle/mcFootElement2,SceneBundle/mcFootElement1,SceneBundle/mcBody,SceneBundle/mcEye,SceneBundle/mcMouth
0,|1,|2,|2,|3,|2,|4,|5,|1,|2,|2,|3,|2,|6,
|0,-1.2,47.35,0,1,1,1,1,1,1,0,0,0,0|1,15.3,-48.6,-0.46149,1,-1,1,1,1,1,0,0,0,0|2,13.85,31.6,-0.95023,.99998,.99998,1,1,1,1,0,0,0,0|3,15.85,41.25,.31357,.99999,.99999,1,1,1,1,0,0,0,0|4,17.9,35.8,0,1,1,1,1,1,1,0,0,0,0|5,17.45,44.8,-1.5704,.99998,.99998,1,1,1,1,0,0,0,0|6,-1.55,-7.9,-0.025897,1,1,1,1,1,1,0,0,0,0|7,12.6,-29.65,-0.069223,1,1,1,1,1,1,0,0,0,0|8,-36.8,-35.2,-0.81057,1,-1,1,1,1,1,0,0,0,0|9,-12.45,33.55,.45594,1,1,1,1,1,1,0,0,0,0|10,-19,41,.86781,1,1,1,1,1,1,0,0,0,0|11,-15.8,37.65,0,1,1,1,1,1,1,0,0,0,0|12,-18.9,44.85,-1.0857,.99997,.99997,1,1,1,1,0,0,0,0|13,15.55,6.65,0,1,1,1,1,1,1,0,0,0,0
|0|1,15.05,-48.5,-0.47198,.99866,-0.99866|2,13.55,31.95,-0.80959,.99833,.99833|3,15.1,41.6,.31105,.99902,.99902|4,16.9,36.2|5,16.7,45.15,-1.5707,.99997,.99997|6,,-7.8,-0.022861,.99994,.99994|7,12.65,-29.5,-0.066407,.99981,.99981|8,-37.05,-35,-0.81842,.99836,-0.99836|9,-12,,.30629,.99906,.99906|10,-17.2,41.65,.75213,.99833,.99833|11,-14.4,37.9|12,-16.7,45.45,-1.1684,.99878,.99878|13,,6.75
|0|1,14.8,-48.35,-0.48106|2,13.2,32.2,-0.66937,.99838,.99838|3,14.3,41.95|4,15.95,36.55|5,16,45.5|6,,-7.7|7,,-29.4|8,-37.25,-34.9,-0.82705,.99835,-0.99835|9,-11.5,33.5,.15776,.99949,.99949|10,-15.3,42.25,.63418,.99839,.99839|11,-13,38.2|12,-14.55,46.1,-1.2512,.999,.999|13,,6.85
|0|1,14.5,-48.25,-0.49014,.99863,-0.99863|2,12.85,32.5,-0.52914,.99852,.99852|3,13.55,42.35|4,14.95,36.95|5,15.25,45.9|6,,-7.6|7,,-29.3|8,-37.4,-34.7,-0.83571,.99836,-0.99836|9,-11,33.45,.0093237,.99995,.99995|10,-13.45,43,.51626,.99858,.99858|11,-11.6,38.45|12,-12.4,46.7,-1.334,.99921,.99921|13,,6.95
|0|1,14.25,-48.1,-0.49922,.99861,-0.99861|2,12.5,32.75,-0.38897,.99882,.99882|3,12.75,42.7|4,14,37.3|5,14.55,46.25|6,,-7.5|7,,-29.2|8,-37.55,-34.45,-0.84433,.99837,-0.99837|9,-10.55,33.5,-0.13579,.99954,.99954|10,-11.55,43.6,.39838,.99881,.99881|11,-10.2,38.75|12,-10.2,47.35,-1.4135,.99945,.99945|13,,7.05
|0|1,13.95,-47.95,-0.51158,.99859,-0.99859|2,12.25,33.1,-0.24865,.99998,.99998|3,12,43.05,.31357,.99999,.99999|4,13,37.7|5,13.8,46.6,-1.5704,.99998,.99998|6,,-7.4|7,,-29.1|8,-37.75,-34.3,-0.85297|9,-10.15,33.4,-0.28539,.99998,.99998|10,-9.75,44.25,.28354,.99998,.99998|11,-8.8,39|12,-8,47.95,-1.495,.99997,.99997|13,,7.15
|0|1,13.8,-47.9,-0.52062|2,11.85,32.8,-0.087497,.99967,.99967|3,10.25,42,.47281,.99868,.99868|4,11.85,37.3|5,11.15,45.35,-1.3341,.99921,.94528|6,,-7.3|7,,-29|8,-38,-34.15,-0.86161,.99838,-0.99838|9,-9.9,33.3,-0.36732,.99888,.99888|10,-8.5,43.65,.06641,.99976,.99976|11,-8.35,38.65|12,-5.75,47.15,-1.5442,.99986,.99986|13,,7.25
|0|1,13.5,-47.75,-0.52973,.99857,-0.99857|2,11.3,32.6,.070497,.99972,.99972|3,8.4,41,.63468,.99842,.99842|4,10.75,36.95|5,8.55,44.15,-1.0938,.99864,.89086|6,,-7.2|7,,-28.9|8,-38.15,-33.95,-0.87026|9,-9.7,33.1,-0.45036,.99869,.99869|10,-7.2,43.15,-0.14434,.99951,.99951|11,-7.85,38.3|12,-3.55,46.35,-1.5889,.99989,.99989|13,,7.35
|0|1,13.25,-47.65,-0.54209,.99853,-0.99853|2,10.85,32.4,.23191,.99922,.99922|3,6.55,39.85,.79658,.99835,.99835|4,9.6,36.55|5,5.95,42.9,-0.85338,.99833,.83669|6,,-7.1|7,,-28.8|8,-38.35,-33.7,-0.8756,.99837,-0.99837|9,-9.55,33,-0.53341,.99855,.99855|10,-6,42.55,-0.35861,.99891,.99891|11,-7.4,37.95|12,-1.25,45.6,-1.6369,.99975,.99975|13,,7.45
|0|1,13,-47.5,-0.55115,.99854,-0.99854|2,10.4,32.2,.39346,.99879,.99879|3,4.75,38.8,.95852,.99844,.99844|4,8.5,36.2|5,3.3,41.75,-0.61286,.99841,.7829|6,,-7|7,,-28.7|8,-38.55,-33.6,-0.88425,.99838,-0.99838|9,-9.25,32.8,-0.6165,.99842,.99842|10,-4.7,42.05,-0.57312,.99847,.99847|11,-6.9,37.6|12,.9,44.8,-1.685,.9996,.9996|13,,7.55
|0|1,12.75,-47.4,-0.56174,1,-1|2,9.9,31.9,.55432,.99997,.99997|3,2.95,37.8,1.1198,1,1|4,7.35,35.8|5,.65,40.45,-0.3756,.99998,.73014|6,,-6.9,-0.025897,1,1|7,12.6,-28.65,-0.069223,1,1|8,-38.7,-33.35,-0.89326,1,-1|9,-9.05,32.65,-0.6985,.99998,.99998|10,-3.4,41.5,-0.78814,.99998,.99998|11,-6.45,37.25|12,3.15,44,-1.735,.99996,.99996|13,,7.65
|0|1,13,-47.55,-0.55139,.99853,-0.99853|2,10.35,32.15,.39344,.99878,.99878|3,4.75,38.9,.9585,.99845,.99845|4,8.5,36.2|5,3.3,41.65,-0.61287,.99842,.7829|6,-1.6,-7,-0.022861,.99994,.99994|7,12.65,-28.7,-0.066407,.99981,.99981|8,-38.55,-33.5,-0.88444,.9984,-0.9984|9,-9.25,32.75,-0.61649,.99841,.99841|10,-4.65,42.05,-0.57312,.99847,.99847|11,-6.9,37.6|12,.9,44.85,-1.685,.9996,.9996|13,,7.55
|0|1,13.15,,-0.54254,.99854,-0.99854|2,10.9,32.4,.23191,.99924,.99924|3,6.55,39.9,.7966,.99834,.99834|4,9.6,36.55|5,5.9,42.85,-0.85338,.99835,.8367|6,,-7.1|7,,-28.8|8,-38.4,-33.7,-0.87927,.99839,-0.99839|9,-9.45,32.9,-0.5334,.99853,.99853|10,-5.9,42.65,-0.35861,.99889,.99889|11,-7.4,37.95|12,-1.25,45.65,-1.6369,.99975,.99975|13,,7.45
|0|1,13.45,-47.75,-0.5337,.99855,-0.99855|2,11.3,32.65,.070527,.99974,.99974|3,8.35,41,.63468,.99844,.99844|4,10.75,36.95|5,8.55,44.1,-1.0938,.99863,.89085|6,,-7.15|7,,-28.85|8,-38.25,-33.8,-0.8708|9,-9.65,33.1,-0.45038,.99868,.99868|10,-7.15,43.15,-0.14434,.99951,.99951|11,-7.85,38.3|12,-3.55,46.4,-1.5889,.99989,.99989|13,,7.4
|0|1,13.65,-47.85,-0.52485,.99856,-0.99856|2,11.85,32.9,-0.087481,.99967,.99967|3,10.2,42,.47279,.99868,.99868|4,11.85,37.3|5,11.15,45.35,-1.3341,.99921,.94528|6,,-7.25|7,,-28.95|8,-38,-34,-0.86236,.99836,-0.99836|9,-9.95,33.2,-0.36734,.99886,.99886|10,-8.5,43.7,.066395,.99976,.99976|11,-8.35,38.65|12,-5.75,47.15,-1.5442,.99986,.99986|13,,7.3
|0|1,13.85,-48,-0.516,.99859,-0.99859|2,12.25,33.1,-0.24865,.99998,.99998|3,12,43.05,.31357,.99999,.99999|4,13,37.7|5,13.8,46.6,-1.5704,.99998,.99998|6,,-7.35|7,,-29.05|8,-37.85,-34.2,-0.8572,.99839,-0.99839|9,-10.15,33.4,-0.28539,.99998,.99998|10,-9.75,44.25,.28354,.99998,.99998|11,-8.8,39|12,-8,47.95,-1.495,.99997,.99997|13,,7.2
|0|1,14.15,-48.05,-0.50714,.9986,-0.9986|2,12.55,32.85,-0.36342,.99888,.99888|3,12.65,42.7,.31105,.99902,.99902|4,13.8,37.4|5,14.4,46.3,-1.5707,.99997,.99997|6,,-7.45|7,,-29.15|8,-37.65,-34.3,-0.84875,.99838,-0.99838|9,-10.5,33.45,-0.16163,.99946,.99946|10,-11.3,43.65,.38041,.99887,.99887|11,-9.95,38.8|12,-9.8,47.4,-1.4267,.9995,.9995|13,,7.1
|0|1,14.35,-48.2,-0.49831,.99862,-0.99862|2,12.75,32.6,-0.48133,.99861,.99861|3,13.3,42.4|4,14.65,37.05|5,15,46|6,,-7.55|7,,-29.25|8,-37.55,-34.55,-0.84027,.99836,-0.99836|9,-10.9,33.4,-0.035749,.99986,.99986|10,-12.85,43.1,.47697,.99865,.99865|11,-11.15,38.55|12,-11.65,46.95,-1.3605,.99928,.99928|13,,7
|0|1,14.6,-48.25,-0.48944|2,13.1,32.35,-0.59924,.99846,.99846|3,13.95,42.1|4,15.45,36.75|5,15.65,45.7|6,,-7.65|7,,-29.35|8,-37.35,-34.65,-0.83183,.99835,-0.99835|9,-11.25,33.5,.083511,.9997,.9997|10,-14.4,42.6,.57358,.99849,.99849|11,-12.3,38.35|12,-13.45,46.4,-1.291,.99909,.99909|13,,6.9
|0|1,14.85,-48.4,-0.47733,.99865,-0.99865|2,13.25,32.15,-0.7172,.99834,.99834|3,14.55,41.8|4,16.25,36.45|5,16.25,45.4|6,,-7.7|7,,-29.4|8,-37.2,-34.8,-0.82668,.99838,-0.99838|9,-11.7,,.20614,.99932,.99932|10,-15.9,42.05,.67348,.99837,.99837|11,-13.45,38.1|12,-15.25,45.85,-1.2247,.99892,.99892|13,,6.85
|0|1,15.05,-48.55,-0.46847,.99868,-0.99868|2,13.6,31.85,-0.83189,.99832,.99832|3,15.2,41.5|4,17.1,36.1|5,16.85,45.1|6,,-7.8|7,,-29.5|8,-37,-35,-0.81821|9,-12,33.55,.33216,.99897,.99897|10,-17.45,41.5,.77014,.99835,.99835|11,-14.65,37.9|12,-17.15,45.35,-1.1552,.99875,.99875|13,,6.75
|0|1,15.3,-48.6,-0.46149,1,-1|2,13.85,31.6,-0.95023,.99998,.99998|3,15.85,41.25,.31357,.99999,.99999|4,17.9,35.8|5,17.45,44.8,-1.5704,.99998,.99998|6,-1.55,-7.9,-0.025897,1,1|7,12.6,-29.65,-0.069223,1,1|8,-36.8,-35.2,-0.81057,1,-1|9,-12.45,,.45594,1,1|10,-19,41,.86781,1,1|11,-15.8,37.65|12,-18.9,44.85,-1.0857,.99997,.99997|13,,6.65
---
SceneBundle/McJackRunGo
SceneBundle/McJackRun
0,
|0,-164.9,11.6,0,1,1,1,1,1,1,0,0,0,0
|0,-159
|0,-153.1
|0,-147.2
|0,-141.3
|0,-135.4
|0,-129.5
|0,-123.6
|0,-117.7
|0,-111.8
|0,-105.95
|0,-100
|0,-94.1
|0,-88.2
|0,-82.3
|0,-76.4
|0,-70.5
|0,-64.6
|0,-58.7
|0,-52.8
|0,-46.9
|0,-41
|0,-35.1
|0,-29.2
|0,-23.35
|0,-17.45
|0,-11.55
|0,-5.65
|0,.25
|0,6.15
|0,12.05
|0,18
|0,23.9
|0,29.8
|0,35.7
|0,41.55
|0,47.45
|0,53.35
|0,59.25
|0,65.15
|0,71.05
|0,76.95
|0,82.85
|0,88.75
|0,94.65
|0,100.55
|0,106.45
|0,112.35
|0,118.25
|0,124.15
|0,130.05
|0,135.95
|0,141.85
|0,147.75
|0,153.65
|0,159.55
|0,165.45
|0,171.35
|0,177.25
|0,183.15
|0,189.05
|0,194.95
|0,200.85
|0,206.75
|0,212.65
|0,218.55
|0,224.45
|0,230.35
|0,236.25
|0,242.1
|0,248
|0,253.95
|0,259.85
|0,265.75
|0,271.65
|0,277.55
|0,283.45
|0,289.35
|0,295.2
|0,301.1
|0,307
|0,312.9
|0,318.8
|0,324.7
|0,330.6
|0,336.5
|0,342.4
|0,348.3
|0,354.2
|0,360.1
|0,366
|0,371.9
|0,377.8
|0,383.7
|0,389.6
|0,395.5
|0,401.4
|0,407.3
|0,413.2
|0,419.1
|0,425
|0,430.9
|0,436.8
|0,442.7
|0,448.6
|0,454.5
|0,460.4
|0,466.3
|0,472.2
|0,478.1
|0,484
|0,489.9
|0,495.8
|0,501.7
|0,507.6
|0,513.5
|0,519.4
|0,525.3
|0,531.2
|0,537.1
|0,543
|0,548.9
|0,554.8
|0,560.65
|0,566.6
|0,572.5
|0,578.35
|0,584.25
|0,590.15
|0,596.05
|0,601.95
|0,607.9
|0,613.75
|0,619.65
|0,625.55
|0,631.45
|0,637.35
|0,643.25
|0,649.15
|0,655.05
|0,660.95
|0,666.85
|0,672.75
|0,678.65
|0,684.55
|0,690.45
|0,696.35
|0,702.25
|0,708.15
|0,714.05
|0,719.95
|0,725.85
|0,731.75
|0,737.65
|0,743.55
|0,749.45
|0,755.35
|0,761.25
|0,767.15
|0,773.05
|0,778.95
|0,784.85
|0,790.75
|0,796.65
|0,802.55
|0,808.45
|0,814.35
|0,820.25
|0,826.15
|0,832.05
|0,837.9
|0,843.85
|0,849.75
|0,855.65
|0,861.55
|0,867.45
|0,873.35
|0,879.25
|0,885.1
|0,891
|0,896.9
|0,902.8
|0,908.7
|0,914.6
|0,920.5
|0,926.4
|0,932.3
|0,938.2
|0,944.1
|0,950
|0,955.9
|0,961.8
|0,967.7
|0,973.6
|0,979.5
|0,985.4
|0,991.3
|0,997.2
|0,1003.1
|0,1009
|0,1014.9
|0,1020.8
|0
|
|
|
|
|
|
|
|
|
|
|
|
|
|
|
|
|
|
|
|
|
|
|
|
|
|
|
|
|
|
|
|
|
|
|
|
|
|
|
|
|
|
|
|
|
|
|
|
|
|
|
|
|
|
|
|
|
|
|
|
|
|
|
|
|
|
|
|
|
|
|
|
|
|
|
|
|
|
|
|
|
|
|
|
|
|
|
|
|
|
|
|
|
|
|
|
|
|
|
|
|
|
|
|
|
|
|
|
|
|
|
|
|
|
|
|
|
|
|
|
|
|
|
|
---
SceneBundle/McLight
SceneBundle/mcLightElement
0,|0,|0,
|0,0,0,0,1,1,1,1,1,1,0,0,0,0
|0
|0
|0
|0
|0
|0
|0
|0
|0
|0
|0
|0
|0
|
|
|
|
|
|
|
|
|
|
|
|
|
|
|
|
|
|
|
|
|
|
|
|
|
|
|
|
|
|
|
|
|
|
|
|
|
|
|
|
|
|
|
|
|
|
|
|
|
|
|
|
|
|
|
|
|
|
|
|
|
|
|
|
|
|
|
|
|
|
|
|1,0,0,0,1,1,1,1,1,1,0,0,0,0
|1
|1
|1
|1
|1
|1
|1
|1
|1
|
|
|
|
|
|
|
|
|
|
|
|2,0,0,0,1,1,1,1,1,1,0,0,0,0
|2
|2
|2
|2
|2
|2
|2
|2
|2
|2
|2
|2
|2
|2
|2
|2
|2
|2
---
SceneBundle/McDemo_Animation
flash/text/TextField,SceneBundle/McJack,SceneBundle/McJackLight,SceneBundle/McJackJump,SceneBundle/McJackRunGo
0,|1,|2,|3,|4,|4,|1,|2,|3,
|0,40,40,0,1,1,1,1,1,1,0,0,0,0|1,362.2,408.95,0,1,1,1,1,1,1,0,0,0,0|2,485.85,408.95,0,-1,1,1,1,1,1,0,0,0,0|3,601.05,408.95,0,-1,1,1,1,1,1,0,0,0,0|4,85.75,155.6,0,1,1,1,1,1,1,0,0,0,0|5,-53.2,155.6,0,1,1,1,1,1,1,0,0,0,0|6,362.2,528.25,0,1,1,.449,.449,.449,1,0,.549,0,0|7,485.85,528.25,0,-1,1,.359,.359,.359,1,0,0,0,0|8,601.05,528.25,0,-1,1,.449,.449,.449,1,0,.549,0,0
---
SceneBundle/McDemo_TouchAndTween
flash/text/TextField,SceneBundle/circle_sprite
0,|1,|1,|1,|1,|1,
|0,40,40,0,1,1,1,1,1,1,0,0,0,0|1,256.7,542.85,0,1,1,1,1,1,1,0,0,0,0|2,391.55,542.85,0,1,1,1,1,1,1,0,0,0,0|3,526.4,542.85,0,1,1,1,1,1,1,0,0,0,0|4,661.25,542.85,0,1,1,1,1,1,1,0,0,0,0|5,796.25,542.85,0,1,1,1,1,1,1,0,0,0,0